$ANSIBLE_VAULT;1.1;AES256
39373437383734363464363530396634336334633631313463636531653564653132366437333139
6538333035643033633031646564373862323234393938660a636338633664343363333034656336
33613836663032393061386335643964363565316266343433613738363832393734643063343834
3365666335346663650a366464333164373334393435326661616437333934366337373566323563
62666336616235333231313265333661613138303232333432613764373862666461393964326332
37343332636261633431393531633031363636383038633231353834623232363137616536386530
32313335653264633339333263636432356564393436363161373961613535376138636532643838
38636262613132643534323734326635653037343936393739393663333236376365303636636666
62396133336237613766333839356433623934653461383163363238383439333034376232643362
36306662346231643231613832353865343530323164666436313061636461306438343962623833
37366166386666323238373233366135363731356439333765633531303132363865363336333864
63343538633539353532653033323436373964353864623964373364336465653162383537623032
64396630363364653739363339643032613330343933623539613538623966316337346565383862
34326335613563386666306432326434333361383131633430656230656565303731383630663438
37626630333037363435343334356631623435353765346436313031323265373233303565353662
61666537643634663537613861363662316439356335373638386332363965383335313530323961
35363936343762326361653337623439306265363739383435343735643034306264393333633464
36376337666433663163343538366431353737613232313534623563336632333438316261623732
32356330393836626236313966663238396334336439343261646439383231333734363861316534
64373230643437663266666233376538356164666564313036373262346132666431383936306331
33333564613962356430613132393831666439336166306632303664656636356366613130656631
31643963383362653635306264366131353964323966643035346530643862346130383863666331
38393265373665383066343636633237616537353333363962316463623436343237303832393334
30306537613139623761396132396138333738376231303964636435663733616461333930373162
63383064376361353932616633623235343261636333663137663563386534363964393530653664
3937613961623663643363643866666561326435356230663964
